0.405465108108164
0.405465108108164
0.405465108108164
0.405465108108164
0.405465108108164
0.405465108108164
0.405465108108164
0.405465108108164
0.405465108108164
0.405465108108164
0.405465108108164
0.405465108108164
0.405465108108164
0.405465108108164
0.405465108108164
0.405465108108164
0.405465108108164
0.405465108108164
0.405465108108164
0.405465108108164
0.405465108108164
0.405465108108164
0.405465108108164
0.405465108108164
0.405465108108164
0.405465108108164
0.405465108108164
0.405465108108164
0.405465108108164
0.405465108108164
0.405465108108164
0.405465108108164
0.405465108108164
0.405465108108164
0.405465108108164
0.405465108108164
0.405465108108164
0.405465108108164
0.405465108108164
0.405465108108164
0.405465108108164
0.405465108108164
0.405465108108164
0.405465108108164
0.405465108108164
0.405465108108164
0.405465108108164
0.405465108108164
0.405465108108164
0.405465108108164
0.405465108108164
0.405465108108164
0.405465108108164
0.405465108108164
0.405465108108164
0.405465108108164
0.405465108108164
0.405465108108164
0.405465108108164
0.405465108108164
-0.693147180559945
-0.693147180559945
-0.693147180559945
-0.693147180559945
-0.693147180559945
-0.693147180559945
-0.693147180559945
-0.693147180559945
-0.693147180559945
-0.693147180559945
-0.693147180559945
-0.693147180559945
-0.693147180559945
-0.693147180559945
-0.693147180559945
-0.693147180559945
-0.693147180559945
-0.693147180559945
-0.693147180559945
-0.693147180559945
-0.693147180559945
-0.693147180559945
-0.693147180559945
-0.693147180559945
-0.693147180559945
-0.693147180559945
-0.693147180559945
-0.693147180559945
-0.693147180559945
-0.693147180559945
-0.693147180559945
-0.693147180559945
-0.693147180559945
-0.693147180559945
-0.693147180559945
-0.693147180559945
-0.693147180559945
-0.693147180559945
-0.693147180559945
-0.693147180559945
