FAM101 M101 0 0 2 1 1 1 1 1 1 1 1 1
FAM101 F101 0 0 1 1 1 2 1 2 1 1 1 1
FAM102 M102 0 0 2 1 1 1 1 1 1 1 1 1
FAM102 F102 0 0 1 1 2 1 1 1 1 2 2 1
FAM103 M103 0 0 2 1 1 1 1 2 1 1 1 1
FAM103 F103 0 0 1 1 1 1 2 1 1 1 2 1
FAM104 M104 0 0 2 1 1 1 1 1 1 1 1 1
FAM104 F104 0 0 1 1 1 1 1 1 1 1 1 1
FAM105 M105 0 0 2 1 1 1 1 1 1 1 1 1
FAM105 F105 0 0 1 1 1 1 1 1 1 1 1 1
FAM106 M106 0 0 2 1 2 2 1 1 1 1 1 1
FAM106 F106 0 0 1 1 1 2 2 1 1 1 1 1
FAM107 M107 0 0 2 1 1 1 1 2 1 1 1 1
FAM107 F107 0 0 1 1 1 2 1 1 1 1 1 1
FAM108 M108 0 0 2 1 1 1 1 1 1 1 1 1
FAM108 F108 0 0 1 1 1 2 1 1 1 1 1 1
FAM109 M109 0 0 2 1 2 1 1 1 1 1 1 1
FAM109 F109 0 0 1 1 1 1 1 1 2 1 1 1
FAM110 M110 0 0 2 1 1 1 1 1 1 1 1 1
FAM110 F110 0 0 1 1 1 1 1 1 1 1 1 1
FAM111 M111 0 0 2 1 2 1 1 1 1 1 1 1
FAM111 F111 0 0 1 1 2 2 1 1 1 1 1 1
FAM112 M112 0 0 2 1 1 1 1 1 1 1 1 1
FAM112 F112 0 0 1 1 1 1 1 1 1 1 1 1
FAM113 M113 0 0 2 1 1 1 2 1 1 2 1 2
FAM113 F113 0 0 1 1 2 1 1 1 1 1 1 1
FAM114 M114 0 0 2 1 2 1 1 1 1 1 1 1
FAM114 F114 0 0 1 1 1 1 1 1 1 1 1 1
FAM115 M115 0 0 2 1 1 1 1 1 1 1 1 1
FAM115 F115 0 0 1 1 1 1 1 1 1 1 1 1
FAM116 M116 0 0 2 1 1 1 2 1 2 1 1 1
FAM116 F116 0 0 1 1 1 2 1 1 1 1 1 1
FAM117 M117 0 0 2 1 1 2 1 1 1 1 1 1
FAM117 F117 0 0 1 1 1 1 1 1 1 1 1 2
FAM118 M118 0 0 2 1 1 1 1 1 1 1 1 1
FAM118 F118 0 0 1 1 1 1 1 1 2 1 2 1
FAM119 M119 0 0 2 1 1 1 1 1 1 1 1 1
FAM119 F119 0 0 1 1 1 1 1 1 1 1 1 1
FAM120 M120 0 0 2 1 1 2 1 1 1 1 1 2
FAM120 F120 0 0 1 1 1 2 1 1 1 1 1 1
FAM121 M121 0 0 2 1 1 1 1 1 1 1 1 1
FAM121 F121 0 0 1 1 1 2 2 1 1 1 1 2
FAM122 M122 0 0 2 1 1 2 1 1 1 1 1 1
FAM122 F122 0 0 1 1 1 1 1 1 2 1 1 1
FAM123 M123 0 0 2 1 1 1 2 1 1 1 1 1
FAM123 F123 0 0 1 1 1 1 1 1 1 2 1 1
FAM124 M124 0 0 2 1 1 1 1 1 1 1 1 1
FAM124 F124 0 0 1 1 1 1 1 1 1 1 1 1
FAM125 M125 0 0 2 1 1 1 1 1 1 1 2 1
FAM125 F125 0 0 1 1 1 1 1 1 1 1 1 1
FAM126 M126 0 0 2 1 1 1 1 1 1 1 1 1
FAM126 F126 0 0 1 1 1 1 1 1 1 1 1 1
FAM127 M127 0 0 2 1 1 1 1 1 1 1 1 1
FAM127 F127 0 0 1 1 2 1 1 2 1 2 1 2
FAM128 M128 0 0 2 1 2 1 1 1 1 1 1 1
FAM128 F128 0 0 1 1 1 1 1 1 1 1 1 1
FAM129 M129 0 0 2 1 1 1 1 1 1 1 1 2
FAM129 F129 0 0 1 1 2 1 1 1 1 1 1 1
FAM130 M130 0 0 2 1 1 1 1 1 1 1 1 1
FAM130 F130 0 0 1 1 1 1 2 2 1 2 1 2
FAM131 M131 0 0 2 1 1 2 1 1 1 1 1 1
FAM131 F131 0 0 1 1 2 1 1 1 1 1 1 1
FAM132 M132 0 0 2 1 1 1 1 1 1 1 1 1
FAM132 F132 0 0 1 1 1 1 1 1 2 1 1 1
FAM133 M133 0 0 2 1 1 1 1 1 1 1 1 2
FAM133 F133 0 0 1 1 2 1 1 1 1 1 1 1
FAM134 M134 0 0 2 1 1 1 1 1 1 1 1 1
FAM134 F134 0 0 1 1 2 1 1 1 1 1 1 1
FAM135 M135 0 0 2 1 2 1 1 1 1 1 1 1
FAM135 F135 0 0 1 1 1 1 1 1 1 2 1 1
FAM136 M136 0 0 2 1 2 1 1 1 2 2 1 1
FAM136 F136 0 0 1 1 1 1 1 1 1 1 1 1
FAM137 M137 0 0 2 1 1 1 1 1 1 1 1 1
FAM137 F137 0 0 1 1 1 1 1 1 1 2 1 1
FAM138 M138 0 0 2 1 1 1 1 1 1 1 1 2
FAM138 F138 0 0 1 1 1 1 1 1 1 1 1 1
FAM139 M139 0 0 2 1 2 1 1 1 2 1 1 1
FAM139 F139 0 0 1 1 1 2 1 1 1 1 1 1
FAM140 M140 0 0 2 1 1 1 1 1 1 1 1 1
FAM140 F140 0 0 1 1 1 1 1 2 1 1 1 1
FAM141 M141 0 0 2 1 1 1 1 1 1 1 1 1
FAM141 F141 0 0 1 1 1 1 1 1 2 1 1 1
FAM142 M142 0 0 2 1 2 1 1 1 1 1 1 1
FAM142 F142 0 0 1 1 1 1 1 1 1 1 1 2
FAM143 M143 0 0 2 1 1 2 1 2 1 1 1 1
FAM143 F143 0 0 1 1 1 1 1 1 1 1 1 1
FAM144 M144 0 0 2 1 1 1 2 2 2 1 1 1
FAM144 F144 0 0 1 1 1 1 1 1 1 1 1 1
FAM145 M145 0 0 2 1 2 1 1 1 1 1 1 1
FAM145 F145 0 0 1 1 1 1 2 1 1 1 1 1
FAM146 M146 0 0 2 1 1 1 1 1 1 1 1 1
FAM146 F146 0 0 1 1 2 2 1 1 2 1 1 1
FAM147 M147 0 0 2 1 2 1 1 1 1 2 1 1
FAM147 F147 0 0 1 1 2 1 1 1 1 1 1 1
FAM148 M148 0 0 2 1 1 1 1 1 1 1 1 1
FAM148 F148 0 0 1 1 1 1 1 1 1 1 1 1
FAM149 M149 0 0 2 1 1 2 2 1 1 1 1 1
FAM149 F149 0 0 1 1 1 1 2 1 1 1 1 2
FAM150 M150 0 0 2 1 1 2 1 1 1 2 1 1
FAM150 F150 0 0 1 1 1 1 2 1 1 1 1 1
