.
12228 27011 59243
12013 27011 59243
11693 27011 59243
11330 27011 59243
8998 27011 59243
9092 27011 59243
8735 27011 59243
8882 27011 59243
8632 27011 59243
8420 27011 59243
10175 27011 59243
10078 27011 59243
9979 27011 59243
9817 27011 59243
9586 27011 59243
9381 27011 59243
14851 27011 59243
14720 27011 59243
14612 27011 59243
14451 27011 59243
14383 27011 59243
15088 27011 59243
15269 27011 59243
15149 27011 59243
13530 27011 59243
13408 27011 59243
3289 27011 59243
3621 27011 59243
1102 27011 59243
1726 27011 59243
1643 27011 59243
423 27011 59243
255 27011 59243
997 27011 59243
837 27011 59243
705 27011 59243
450 27011 59243
40983 27011 59243
41155 27011 59243
48989 27011 59243
48719 27011 59243
48824 27011 59243
48396 27011 59243
48263 27011 59243
47367 27011 59243
47089 27011 59243
46910 27011 59243
43486 27011 59243
43671 27011 59243
43793 27011 59243
44141 27011 59243
44379 27011 59243
44466 27011 59243
44777 27011 59243
45005 27011 59243
37065 27011 59243
36984 27011 59243
37320 27011 59243
37806 27011 59243
37484 27011 59243
37444 27011 59243
38173 27011 59243
38838 27011 59243
38021 27011 59243
39658 27011 59243
39864 27011 59243
39774 27011 59243
38924 27011 59243
39324 27011 59243
39204 27011 59243
40907 27011 59243
40634 27011 59243
40217 27011 59243
40331 27011 59243
40043 27011 59243
33622 27011 59243
33469 27011 59243
34277 27011 59243
34470 27011 59243
34679 27011 59243
34771 27011 59243
32989 27011 59243
33182 27011 59243
33056 27011 59243
33514 27011 59243
33314 27011 59243
33389 27011 59243
36118 27011 59243
36247 27011 59243
35961 27011 59243
36022 27011 59243
36844 27011 59243
36548 27011 59243
36442 27011 59243
35140 27011 59243
35022 27011 59243
34890 27011 59243
34895 27011 59243
35035 27011 59243
35294 27011 59243
63194 27011 59243
63374 27011 59243
63263 27011 59243
57581 27011 59243
57807 27011 59243
57472 27011 59243
61111 27011 59243
11329 27011 59243
15636 27011 59243
16008 27011 59243
15928 27011 59243
12695 27011 59243
12496 27011 59243
13164 27011 59243
13296 27011 59243
13173 27011 59243
13049 27011 59243
12821 27011 59243
13723 27011 59243
10562 27011 59243
10515 27011 59243
10388 27011 59243
11203 27011 59243
10278 27011 59243
10399 27011 59243
