FAM1 O1 F1 M1 2 2 1 1 1 1 1 1 1 2
FAM2 O1 F2 M2 2 2 1 1 2 1 1 1 1 2
FAM3 O1 F3 M3 1 2 2 2 1 1 1 1 1 1
FAM4 O1 F4 M4 2 2 2 1 2 1 1 1 1 1
FAM5 O1 F5 M5 2 2 1 2 1 1 1 1 1 1
FAM6 O1 F6 M6 1 2 1 1 1 1 1 1 1 2
FAM7 O1 F7 M7 1 2 1 1 1 1 1 1 1 1
FAM8 O1 F8 M8 2 2 1 2 1 2 1 1 1 1
FAM9 O1 F9 M9 2 2 2 2 1 1 1 1 1 1
FAM10 O1 F10 M10 2 2 1 1 2 1 1 1 1 2
FAM11 O1 F11 M11 2 2 1 1 1 1 1 1 1 1
FAM12 O1 F12 M12 2 2 1 2 1 1 1 1 1 1
FAM13 O1 F13 M13 2 2 2 1 1 1 1 1 1 1
FAM14 O1 F14 M14 1 2 1 2 1 1 1 1 1 1
FAM15 O1 F15 M15 1 2 1 1 1 1 1 2 1 1
FAM16 O1 F16 M16 1 2 1 1 1 1 1 1 1 2
FAM17 O1 F17 M17 1 2 1 2 2 1 1 1 1 1
FAM18 O1 F18 M18 2 2 1 1 1 1 1 1 1 1
FAM19 O1 F19 M19 1 2 2 1 1 1 1 1 2 1
FAM20 O1 F20 M20 2 2 1 1 1 1 1 1 1 1
FAM21 O1 F21 M21 1 2 1 1 1 2 1 1 1 1
FAM22 O1 F22 M22 2 2 2 2 1 1 1 1 1 1
FAM23 O1 F23 M23 1 2 1 1 1 2 1 1 1 1
FAM24 O1 F24 M24 1 2 1 1 2 1 1 1 1 1
FAM25 O1 F25 M25 2 2 1 1 2 1 2 1 1 1
FAM26 O1 F26 M26 1 2 2 1 1 1 1 1 1 1
FAM27 O1 F27 M27 2 2 1 1 1 1 1 1 1 1
FAM28 O1 F28 M28 2 2 2 1 1 1 1 1 1 1
FAM29 O1 F29 M29 1 2 1 1 1 1 1 1 1 1
FAM30 O1 F30 M30 2 2 2 1 1 1 1 1 1 2
FAM31 O1 F31 M31 2 2 1 1 1 1 1 1 1 1
FAM32 O1 F32 M32 2 2 2 1 1 2 1 1 1 1
FAM33 O1 F33 M33 1 2 1 1 2 1 1 1 1 1
FAM34 O1 F34 M34 2 2 1 1 1 1 1 1 2 1
FAM35 O1 F35 M35 2 2 1 1 2 1 1 2 1 1
FAM36 O1 F36 M36 2 2 1 1 1 1 1 1 1 1
FAM37 O1 F37 M37 1 2 2 1 1 1 1 1 1 1
FAM38 O1 F38 M38 2 2 1 1 1 1 1 1 2 1
FAM39 O1 F39 M39 1 2 1 1 1 1 2 1 1 1
FAM40 O1 F40 M40 1 2 1 2 1 1 1 1 1 1
FAM41 O1 F41 M41 1 2 2 1 1 2 1 1 1 1
FAM42 O1 F42 M42 1 2 1 1 1 1 1 1 1 1
FAM43 O1 F43 M43 1 2 1 1 1 1 1 1 1 1
FAM44 O1 F44 M44 1 2 1 1 1 1 1 1 1 1
FAM45 O1 F45 M45 1 2 1 1 1 1 1 1 1 2
FAM46 O1 F46 M46 2 2 1 1 1 1 1 1 1 1
FAM47 O1 F47 M47 2 2 1 1 1 1 1 1 1 1
FAM48 O1 F48 M48 2 2 1 1 1 1 1 1 1 1
FAM49 O1 F49 M49 2 2 2 1 1 1 1 1 2 1
FAM50 O1 F50 M50 1 2 1 1 1 1 1 1 1 1
FAM51 O1 F51 M51 1 2 1 2 1 1 1 1 1 1
FAM52 O1 F52 M52 1 2 1 1 1 1 1 1 1 1
FAM53 O1 F53 M53 1 2 1 1 1 1 1 1 2 1
FAM54 O1 F54 M54 1 2 1 1 1 1 1 1 2 1
FAM55 O1 F55 M55 2 2 1 1 1 1 1 1 1 1
FAM56 O1 F56 M56 1 2 1 1 1 1 1 1 2 1
FAM57 O1 F57 M57 2 2 1 1 1 1 1 1 1 1
FAM58 O1 F58 M58 1 2 1 1 1 1 1 1 1 1
FAM59 O1 F59 M59 1 2 1 2 1 1 1 1 1 1
FAM60 O1 F60 M60 2 2 1 1 1 1 1 1 1 1
FAM61 O1 F61 M61 2 2 2 1 1 1 1 1 1 1
FAM62 O1 F62 M62 2 2 1 1 1 1 1 1 1 1
FAM63 O1 F63 M63 1 2 1 1 1 1 1 1 1 1
FAM64 O1 F64 M64 2 2 1 2 1 1 1 1 1 1
FAM65 O1 F65 M65 2 2 1 1 1 1 2 1 1 1
FAM66 O1 F66 M66 2 2 1 1 1 1 1 1 1 1
FAM67 O1 F67 M67 2 2 1 1 1 1 1 1 1 1
FAM68 O1 F68 M68 2 2 1 1 1 1 1 1 1 1
FAM69 O1 F69 M69 1 2 2 1 1 1 1 1 1 1
FAM70 O1 F70 M70 1 2 1 1 1 1 1 1 1 2
FAM71 O1 F71 M71 1 2 1 1 1 1 1 2 2 2
FAM72 O1 F72 M72 1 2 1 2 1 1 1 1 1 1
FAM73 O1 F73 M73 2 2 2 1 1 1 1 1 1 2
FAM74 O1 F74 M74 1 2 2 1 1 1 1 1 1 1
FAM75 O1 F75 M75 2 2 1 1 2 2 1 1 1 1
FAM76 O1 F76 M76 2 2 1 1 1 1 1 1 1 1
FAM77 O1 F77 M77 1 2 1 1 1 2 1 1 2 1
FAM78 O1 F78 M78 2 2 1 1 1 1 1 1 1 1
FAM79 O1 F79 M79 2 2 2 2 1 1 1 1 1 1
FAM80 O1 F80 M80 2 2 1 2 1 1 2 1 1 1
FAM81 O1 F81 M81 1 2 2 1 2 1 1 1 1 1
FAM82 O1 F82 M82 2 2 1 1 1 1 2 1 1 1
FAM83 O1 F83 M83 2 2 1 1 1 1 1 1 1 1
FAM84 O1 F84 M84 2 2 2 1 2 1 1 1 1 1
FAM85 O1 F85 M85 2 2 1 2 1 1 1 1 1 1
FAM86 O1 F86 M86 1 2 2 1 1 1 2 1 1 1
FAM87 O1 F87 M87 2 2 1 1 2 1 1 1 1 1
FAM88 O1 F88 M88 1 2 1 1 1 1 1 1 2 1
FAM89 O1 F89 M89 2 2 1 1 1 1 1 1 1 1
FAM90 O1 F90 M90 2 2 1 1 1 1 1 1 1 2
FAM91 O1 F91 M91 1 2 2 1 1 1 1 2 2 1
FAM92 O1 F92 M92 2 2 1 1 1 1 1 1 1 1
FAM93 O1 F93 M93 1 2 1 2 1 1 1 1 1 1
FAM94 O1 F94 M94 2 2 1 1 1 1 1 1 2 1
FAM95 O1 F95 M95 1 2 1 1 1 1 1 1 2 1
FAM96 O1 F96 M96 1 2 1 1 1 1 1 1 1 1
FAM97 O1 F97 M97 1 2 2 1 1 1 2 1 1 1
FAM98 O1 F98 M98 2 2 2 1 1 1 1 1 1 1
FAM99 O1 F99 M99 2 2 1 1 1 1 1 1 1 1
FAM100 O1 F100 M100 1 2 1 2 1 2 1 1 1 1
